[gd_scene load_steps=3 format=3 uid="uid://co35shrbyebm4"]

[sub_resource type="CylinderMesh" id="CylinderMesh_lkwri"]
height = 0.5
radial_segments = 12

[sub_resource type="CylinderMesh" id="CylinderMesh_xtdpx"]
top_radius = 0.1
bottom_radius = 0.1
height = 0.4
radial_segments = 8

[node name="Node3D" type="Node3D"]
transform = Transform3D(-2.18557e-08, -0.5, 0, 0.5, -2.18557e-08, 0, 0, 0, 0.5, 0, 0, 0)

[node name="MeshInstance3D" type="MeshInstance3D" parent="."]
mesh = SubResource("CylinderMesh_lkwri")

[node name="MeshInstance3D2" type="MeshInstance3D" parent="."]
transform = Transform3D(1, 0, 0, 0, 1, 0, 0, 0, 1, 0, 0, 0.5)
mesh = SubResource("CylinderMesh_xtdpx")

[node name="MeshInstance3D3" type="MeshInstance3D" parent="."]
transform = Transform3D(1, 0, 0, 0, 1, 0, 0, 0, 1, 0, 0, -0.5)
mesh = SubResource("CylinderMesh_xtdpx")

[node name="MeshInstance3D4" type="MeshInstance3D" parent="."]
transform = Transform3D(-4.37114e-08, 0, -1, 0, 1, 0, 1, 0, -4.37114e-08, -0.5, 0, -2.18557e-08)
mesh = SubResource("CylinderMesh_xtdpx")

[node name="MeshInstance3D5" type="MeshInstance3D" parent="."]
transform = Transform3D(-4.37114e-08, 0, -1, 0, 1, 0, 1, 0, -4.37114e-08, 0.5, 0, 2.18557e-08)
mesh = SubResource("CylinderMesh_xtdpx")

[node name="MeshInstance3D6" type="MeshInstance3D" parent="."]
transform = Transform3D(0.707107, 0, -0.707107, 0, 1, 0, 0.707107, 0, 0.707107, -0.353553, 0, 0.353553)
mesh = SubResource("CylinderMesh_xtdpx")

[node name="MeshInstance3D7" type="MeshInstance3D" parent="."]
transform = Transform3D(0.707107, 0, -0.707107, 0, 1, 0, 0.707107, 0, 0.707107, 0.353553, 0, -0.353553)
mesh = SubResource("CylinderMesh_xtdpx")

[node name="MeshInstance3D8" type="MeshInstance3D" parent="."]
transform = Transform3D(-0.707107, 0, -0.707107, 0, 1, 0, 0.707107, 0, -0.707107, -0.353553, 0, -0.353553)
mesh = SubResource("CylinderMesh_xtdpx")

[node name="MeshInstance3D9" type="MeshInstance3D" parent="."]
transform = Transform3D(-0.707107, 0, -0.707107, 0, 1, 0, 0.707107, 0, -0.707107, 0.353553, 0, 0.353553)
mesh = SubResource("CylinderMesh_xtdpx")
